-_0.png  1  0  0  28  28
-_1.png  1  0  0  28  28
-_10.png  1  0  0  28  28
-_11.png  1  0  0  28  28
-_12.png  1  0  0  28  28
-_13.png  1  0  0  28  28
-_14.png  1  0  0  28  28
-_15.png  1  0  0  28  28
-_16.png  1  0  0  28  28
-_17.png  1  0  0  28  28
-_18.png  1  0  0  28  28
-_19.png  1  0  0  28  28
-_2.png  1  0  0  28  28
-_20.png  1  0  0  28  28
-_21.png  1  0  0  28  28
-_22.png  1  0  0  28  28
-_23.png  1  0  0  28  28
-_3.png  1  0  0  28  28
-_4.png  1  0  0  28  28
-_5.png  1  0  0  28  28
-_6.png  1  0  0  28  28
-_7.png  1  0  0  28  28
-_8.png  1  0  0  28  28
-_9.png  1  0  0  28  28
1_0.png  1  0  0  28  28
1_1.png  1  0  0  28  28
1_10.png  1  0  0  28  28
1_11.png  1  0  0  28  28
1_12.png  1  0  0  28  28
1_13.png  1  0  0  28  28
1_14.png  1  0  0  28  28
1_15.png  1  0  0  28  28
1_16.png  1  0  0  28  28
1_17.png  1  0  0  28  28
1_18.png  1  0  0  28  28
1_19.png  1  0  0  28  28
1_2.png  1  0  0  28  28
1_20.png  1  0  0  28  28
1_21.png  1  0  0  28  28
1_22.png  1  0  0  28  28
1_23.png  1  0  0  28  28
1_3.png  1  0  0  28  28
1_4.png  1  0  0  28  28
1_5.png  1  0  0  28  28
1_6.png  1  0  0  28  28
1_7.png  1  0  0  28  28
1_8.png  1  0  0  28  28
1_9.png  1  0  0  28  28
4_0.png  1  0  0  28  28
4_1.png  1  0  0  28  28
4_10.png  1  0  0  28  28
4_11.png  1  0  0  28  28
4_12.png  1  0  0  28  28
4_13.png  1  0  0  28  28
4_14.png  1  0  0  28  28
4_15.png  1  0  0  28  28
4_16.png  1  0  0  28  28
4_17.png  1  0  0  28  28
4_18.png  1  0  0  28  28
4_19.png  1  0  0  28  28
4_2.png  1  0  0  28  28
4_20.png  1  0  0  28  28
4_21.png  1  0  0  28  28
4_22.png  1  0  0  28  28
4_23.png  1  0  0  28  28
4_3.png  1  0  0  28  28
4_4.png  1  0  0  28  28
4_5.png  1  0  0  28  28
4_6.png  1  0  0  28  28
4_7.png  1  0  0  28  28
4_8.png  1  0  0  28  28
4_9.png  1  0  0  28  28
5_0.png  1  0  0  28  28
5_1.png  1  0  0  28  28
5_10.png  1  0  0  28  28
5_11.png  1  0  0  28  28
5_12.png  1  0  0  28  28
5_13.png  1  0  0  28  28
5_14.png  1  0  0  28  28
5_15.png  1  0  0  28  28
5_16.png  1  0  0  28  28
5_17.png  1  0  0  28  28
5_18.png  1  0  0  28  28
5_19.png  1  0  0  28  28
5_2.png  1  0  0  28  28
5_20.png  1  0  0  28  28
5_21.png  1  0  0  28  28
5_22.png  1  0  0  28  28
5_23.png  1  0  0  28  28
5_3.png  1  0  0  28  28
5_4.png  1  0  0  28  28
5_5.png  1  0  0  28  28
5_6.png  1  0  0  28  28
5_7.png  1  0  0  28  28
5_8.png  1  0  0  28  28
5_9.png  1  0  0  28  28
8_0.png  1  0  0  28  28
8_1.png  1  0  0  28  28
8_10.png  1  0  0  28  28
8_11.png  1  0  0  28  28
8_12.png  1  0  0  28  28
8_13.png  1  0  0  28  28
8_14.png  1  0  0  28  28
8_15.png  1  0  0  28  28
8_16.png  1  0  0  28  28
8_17.png  1  0  0  28  28
8_18.png  1  0  0  28  28
8_19.png  1  0  0  28  28
8_2.png  1  0  0  28  28
8_20.png  1  0  0  28  28
8_21.png  1  0  0  28  28
8_22.png  1  0  0  28  28
8_23.png  1  0  0  28  28
8_3.png  1  0  0  28  28
8_4.png  1  0  0  28  28
8_5.png  1  0  0  28  28
8_6.png  1  0  0  28  28
8_7.png  1  0  0  28  28
8_8.png  1  0  0  28  28
8_9.png  1  0  0  28  28
9_0.png  1  0  0  28  28
9_1.png  1  0  0  28  28
9_10.png  1  0  0  28  28
9_11.png  1  0  0  28  28
9_12.png  1  0  0  28  28
9_13.png  1  0  0  28  28
9_14.png  1  0  0  28  28
9_15.png  1  0  0  28  28
9_16.png  1  0  0  28  28
9_17.png  1  0  0  28  28
9_18.png  1  0  0  28  28
9_19.png  1  0  0  28  28
9_2.png  1  0  0  28  28
9_20.png  1  0  0  28  28
9_21.png  1  0  0  28  28
9_22.png  1  0  0  28  28
9_23.png  1  0  0  28  28
9_3.png  1  0  0  28  28
9_4.png  1  0  0  28  28
9_5.png  1  0  0  28  28
9_6.png  1  0  0  28  28
9_7.png  1  0  0  28  28
9_8.png  1  0  0  28  28
9_9.png  1  0  0  28  28
_0.png  1  0  0  28  28
_1.png  1  0  0  28  28
_10.png  1  0  0  28  28
_11.png  1  0  0  28  28
_12.png  1  0  0  28  28
_13.png  1  0  0  28  28
_14.png  1  0  0  28  28
_15.png  1  0  0  28  28
_16.png  1  0  0  28  28
_17.png  1  0  0  28  28
_18.png  1  0  0  28  28
_19.png  1  0  0  28  28
_2.png  1  0  0  28  28
_20.png  1  0  0  28  28
_21.png  1  0  0  28  28
_22.png  1  0  0  28  28
_23.png  1  0  0  28  28
_3.png  1  0  0  28  28
_4.png  1  0  0  28  28
_5.png  1  0  0  28  28
_6.png  1  0  0  28  28
_7.png  1  0  0  28  28
_8.png  1  0  0  28  28
_9.png  1  0  0  28  28
__0.png  1  0  0  28  28
__1.png  1  0  0  28  28
__10.png  1  0  0  28  28
__11.png  1  0  0  28  28
__12.png  1  0  0  28  28
__13.png  1  0  0  28  28
__14.png  1  0  0  28  28
__15.png  1  0  0  28  28
__16.png  1  0  0  28  28
__17.png  1  0  0  28  28
__18.png  1  0  0  28  28
__19.png  1  0  0  28  28
__2.png  1  0  0  28  28
__20.png  1  0  0  28  28
__21.png  1  0  0  28  28
__22.png  1  0  0  28  28
__23.png  1  0  0  28  28
__3.png  1  0  0  28  28
__4.png  1  0  0  28  28
__5.png  1  0  0  28  28
__6.png  1  0  0  28  28
__7.png  1  0  0  28  28
__8.png  1  0  0  28  28
__9.png  1  0  0  28  28
